0.6394267984578837
0.025010755222666936
0.27502931836911926
1
7296
107420369
1268348878425833723
0
[82, 15, 4, 95, 36, 32, 29, 18]
1
709570
1.3942679845788373
0.11182744569797465
-0.04959525381590524
3.0
-0.14409032957792836
-0.1729036003315193
4.777368276864675
1.2547859310574627
97.92911405885782
1.1428765860350905
2.7305865909862597
0.5480461593964909
0.08121081546730206
0.32383276483316237
0.8444218515250481
0.6394267984578837
0.5043802970418443
0.3690758054212653
empty range for randrange()
empty range in randrange(5, 5)
0.15084917392450192
