[1, 1, 2, 5, 9, 4, 6]
[1, 1, 2, 4, 5, 6, 9]
[0, 1, 2, 4, 5, 3, 7, 9, 6, 8]
[0, 1, 2, 3, 4, 5, 6, 7, 8, 9]
1
[2, 4, 6, 8]
2
[4, 5, 6, 8]
42
[]
1
[3, 4, 5, 7, 9]
3
[4, 7, 5, 100, 9]
[9, 6, 5]
[1, 1, 2]
[]
[]
[9]
[1]
[9, 6, 5, 5, 4, 2, 1, 1]
[1, 1, 2, 4, 5, 5, 6, 9]
[9, 6, 5, 5, 4, 2, 1, 1]
[1, 1, 2, 4, 5, 5, 6, 9]
[]
[]
[]
[]
[-100, -5, -5, -2, -1, 0, 3]
[3, 0, -1]
[-100, -5, -5]
[-10000000000.0, -2.1, 0.0, 2.25, 3.5, 10000000000.0]
42
[]
[]
['Apple', 'amazing', 'apple', 'banana', 'cherry', 'élan']
['élan', 'cherry', 'banana']
['Apple', 'amazing', 'apple']
[7]
[7]
[7]
[7]
[]
[]
[]
3
[3, 3, 3]
-20
[-10, -5, 0, 5]
-10
[-5, 5, 0, 100]
